                1 layer   2 layers  3 layers 4 layers  5 layers
steps           185.000    199.000    60.000   65.000    58.000
time              5.815      5.834     5.243    5.267     5.291
in.accuracy      17.290     20.860    10.290   10.290    10.290
out.accuracy     14.670     15.330     9.000    9.000     9.000
steps            95.000     31.000    32.000   35.000    27.000
time              5.381      5.099     5.149    5.145     5.092
in.accuracy      10.290     10.290    10.290   10.290    10.290
out.accuracy      9.000      9.000     9.000    9.000     9.000
steps        101911.000 161204.000  9484.000  118.000 29005.000
time            398.315    658.383    45.644    5.538   139.420
in.accuracy      58.290     58.000    56.290   33.000    57.860
out.accuracy     11.330     10.000     9.000   16.000    10.670
steps          3964.000 994081.000 23813.000  557.000  8713.000
time             20.622   4045.489   106.207    7.488    45.604
in.accuracy      48.710     59.430    60.570   44.140    57.140
out.accuracy     14.000      9.330    15.000   16.670    12.670
