       steps      time in.accuracy out.accuracy
sig.1    105     8.587       11.02        10.57
sig.2   6039   118.085       20.56        18.49
sig.3     65     7.848       11.02        10.57
sig.4     77     8.885       11.02        10.57
sig.5     70     8.271       11.02        10.57
tan.1     88     8.228       11.02        10.57
tan.2 639882 12024.936       11.02        10.57
tan.3     34     8.166       11.02        10.57
tan.4     46     8.150       11.02        10.57
tan.5     33     7.854       11.02        10.57
rec.1      3     7.192       10.75         9.62
rec.2      5     7.078       10.75         9.69
rec.3      4     7.120       10.75         9.69
rec.4      3     6.985       10.75         9.69
rec.5     99     9.429       10.46         9.25
lin.1  15037   289.082       25.90        20.57
lin.2  12292   248.769       25.92        20.50
lin.3  11651   250.669       25.92        20.44
lin.4    292    13.416       24.74        21.76
lin.5   3440    86.759       26.25        21.26
